2868cdec-fff6-7421-19d1-e89ee380e0d5	1	172800	400	20	25	1	0	0	0	0	0
217c33a7-d81a-a433-2862-f01b3f0b4727	2	172800	2000	70	80	1	0	0	0	0	0
a2e242ca-d9b7-74c4-5946-ea203aafbcc3	3	172800	4000	250	260	0	1	0	0	0	12
2dcaed4f-31da-340f-79cc-2eccde830086	4	172800	8000	500	530	0	1	0	0	0	12
531573ae-7657-4430-c9e7-2cc1565197fc	5	172800	16000	900	930	0	0	1	0	0	24
911925c2-e9d3-6458-08ad-1bfa0665a4c4	6	172800	32000	1500	1650	0	0	1	0	0	24
9c13ea9b-818f-a445-3853-8cd39e5c8fe6	7	172800	64000	3500	3600	0	0	0	1	0	24
ed0f78c9-6b2f-d45d-887d-0126dde9d72f	8	172800	128000	6000	6100	0	0	0	1	0	48
4d846a49-c2f5-3472-19ea-6559d053d54a	9	172800	256000	12000	12400	0	0	0	0	1	48
f8f7dced-9f8c-d47b-c849-3fe2e9a32802	10	172800	512000	25000	26000	0	0	0	0	1	48
22276b03-44a0-c435-9a59-275714db293d	11	172800	512000	30000	31000	0	0	0	0	1	48
715295c9-8291-245f-4a5f-537be14f3d57	12	172800	512000	45000	44000	0	0	0	0	1	48